25.000000 121.000000 100.0
25.000000 121.000100 100.0
25.000000 121.000200 100.0
25.000000 121.000300 100.0
25.000000 121.000400 100.0
25.000000 121.000500 100.0
25.000000 121.000600 100.0
25.000000 121.000700 100.0
25.000000 121.000800 100.0
25.000000 121.000900 100.0
25.000000 121.001000 100.0
25.000000 121.001100 100.0
25.000000 121.001200 100.0
25.000000 121.001300 100.0
25.000000 121.001400 100.0
25.000000 121.001500 100.0
25.000000 121.001600 100.0
25.000000 121.001700 100.0
25.000000 121.001800 100.0
25.000000 121.001900 100.0
25.000000 121.002000 100.0
25.000000 121.002100 100.0
25.000000 121.002200 100.0
25.000000 121.002300 100.0
25.000000 121.002400 100.0
25.000000 121.002500 100.0
25.000000 121.002600 100.0
25.000000 121.002700 100.0
25.000000 121.002800 100.0
25.000000 121.002900 100.0
25.000000 121.003000 100.0
25.000000 121.003100 100.0
25.000000 121.003200 100.0
25.000000 121.003300 100.0
25.000000 121.003400 100.0
25.000000 121.003500 100.0
25.000000 121.003600 100.0
25.000000 121.003700 100.0
25.000000 121.003800 100.0
25.000000 121.003900 100.0
25.000000 121.004000 100.0
25.000000 121.004100 100.0
25.000000 121.004200 100.0
25.000000 121.004300 100.0
25.000000 121.004400 100.0
25.000000 121.004500 100.0
25.000000 121.004600 100.0
25.000000 121.004700 100.0
25.000000 121.004800 100.0
25.000000 121.004900 100.0
25.000000 121.005000 100.0
25.000000 121.005100 100.0
25.000000 121.005200 100.0
25.000000 121.005300 100.0
25.000000 121.005400 100.0
25.000000 121.005500 100.0
25.000000 121.005600 100.0
25.000000 121.005700 100.0
25.000000 121.005800 100.0
25.000000 121.005900 100.0
25.000000 121.006000 100.0
25.000000 121.006100 100.0
25.000000 121.006200 100.0
25.000000 121.006300 100.0
25.000000 121.006400 100.0
25.000000 121.006500 100.0
25.000000 121.006600 100.0
25.000000 121.006700 100.0
25.000000 121.006800 100.0
25.000000 121.006900 100.0
25.000000 121.007000 100.0
25.000000 121.007100 100.0
25.000000 121.007200 100.0
25.000000 121.007300 100.0
25.000000 121.007400 100.0
25.000000 121.007500 100.0
25.000000 121.007600 100.0
25.000000 121.007700 100.0
25.000000 121.007800 100.0
25.000000 121.007900 100.0
25.000000 121.008000 100.0
25.000000 121.008100 100.0
25.000000 121.008200 100.0
25.000000 121.008300 100.0
25.000000 121.008400 100.0
25.000000 121.008500 100.0
25.000000 121.008600 100.0
25.000000 121.008700 100.0
25.000000 121.008800 100.0
25.000000 121.008900 100.0
25.000000 121.009000 100.0
25.000000 121.009100 100.0
25.000000 121.009200 100.0
25.000000 121.009300 100.0
25.000000 121.009400 100.0
25.000000 121.009500 100.0
25.000000 121.009600 100.0
25.000000 121.009700 100.0
25.000000 121.009800 100.0
25.000000 121.009900 100.0
25.000000 121.010000 100.0
25.000000 121.010100 100.0
25.000000 121.010200 100.0
25.000000 121.010300 100.0
25.000000 121.010400 100.0
25.000000 121.010500 100.0
25.000000 121.010600 100.0
25.000000 121.010700 100.0
25.000000 121.010800 100.0
25.000000 121.010900 100.0
25.000000 121.011000 100.0
25.000000 121.011100 100.0
25.000000 121.011200 100.0
25.000000 121.011300 100.0
25.000000 121.011400 100.0
25.000000 121.011500 100.0
25.000000 121.011600 100.0
25.000000 121.011700 100.0
25.000000 121.011800 100.0
25.000000 121.011900 100.0
25.000000 121.012000 100.0
25.000000 121.012100 100.0
25.000000 121.012200 100.0
25.000000 121.012300 100.0
25.000000 121.012400 100.0
25.000000 121.012500 100.0
25.000000 121.012600 100.0
25.000000 121.012700 100.0
25.000000 121.012800 100.0
25.000000 121.012900 100.0
25.000000 121.013000 100.0
25.000000 121.013100 100.0
25.000000 121.013200 100.0
25.000000 121.013300 100.0
25.000000 121.013400 100.0
25.000000 121.013500 100.0
25.000000 121.013600 100.0
25.000000 121.013700 100.0
25.000000 121.013800 100.0
25.000000 121.013900 100.0
25.000000 121.014000 100.0
25.000000 121.014100 100.0
25.000000 121.014200 100.0
25.000000 121.014300 100.0
25.000000 121.014400 100.0
25.000000 121.014500 100.0
25.000000 121.014600 100.0
25.000000 121.014700 100.0
25.000000 121.014800 100.0
25.000000 121.014900 100.0
25.000000 121.015000 100.0
25.000000 121.015100 100.0
25.000000 121.015200 100.0
25.000000 121.015300 100.0
25.000000 121.015400 100.0
25.000000 121.015500 100.0
25.000000 121.015600 100.0
25.000000 121.015700 100.0
25.000000 121.015800 100.0
25.000000 121.015900 100.0
25.000000 121.016000 100.0
25.000000 121.016100 100.0
25.000000 121.016200 100.0
25.000000 121.016300 100.0
25.000000 121.016400 100.0
25.000000 121.016500 100.0
25.000000 121.016600 100.0
25.000000 121.016700 100.0
25.000000 121.016800 100.0
25.000000 121.016900 100.0
25.000000 121.017000 100.0
25.000000 121.017100 100.0
25.000000 121.017200 100.0
25.000000 121.017300 100.0
25.000000 121.017400 100.0
25.000000 121.017500 100.0
25.000000 121.017600 100.0
25.000000 121.017700 100.0
25.000000 121.017800 100.0
25.000000 121.017900 100.0
