-2979034.173203 4957945.451682 2679116.724784
-2979042.826445 4957940.252279 2679116.724784
-2979051.479679 4957935.052861 2679116.724784
-2979060.132904 4957929.853428 2679116.724784
-2979068.786119 4957924.653980 2679116.724784
-2979077.439325 4957919.454516 2679116.724784
-2979086.092523 4957914.255038 2679116.724784
-2979094.745711 4957909.055544 2679116.724784
-2979103.398890 4957903.856035 2679116.724784
-2979112.052060 4957898.656511 2679116.724784
-2979120.705221 4957893.456972 2679116.724784
-2979129.358373 4957888.257418 2679116.724784
-2979138.011516 4957883.057849 2679116.724784
-2979146.664650 4957877.858265 2679116.724784
-2979155.317775 4957872.658665 2679116.724784
-2979163.970890 4957867.459051 2679116.724784
-2979172.623997 4957862.259421 2679116.724784
-2979181.277094 4957857.059777 2679116.724784
-2979189.930183 4957851.860117 2679116.724784
-2979198.583262 4957846.660442 2679116.724784
-2979207.236332 4957841.460752 2679116.724784
-2979215.889393 4957836.261047 2679116.724784
-2979224.542446 4957831.061327 2679116.724784
-2979233.195489 4957825.861591 2679116.724784
-2979241.848523 4957820.661841 2679116.724784
-2979250.501547 4957815.462076 2679116.724784
-2979259.154563 4957810.262295 2679116.724784
-2979267.807570 4957805.062499 2679116.724784
-2979276.460568 4957799.862688 2679116.724784
-2979285.113556 4957794.662863 2679116.724784
-2979293.766536 4957789.463022 2679116.724784
-2979302.419506 4957784.263165 2679116.724784
-2979311.072468 4957779.063294 2679116.724784
-2979319.725420 4957773.863408 2679116.724784
-2979328.378363 4957768.663507 2679116.724784
-2979337.031297 4957763.463590 2679116.724784
-2979345.684222 4957758.263658 2679116.724784
-2979354.337138 4957753.063712 2679116.724784
-2979362.990045 4957747.863750 2679116.724784
-2979371.642943 4957742.663773 2679116.724784
-2979380.295832 4957737.463781 2679116.724784
-2979388.948711 4957732.263774 2679116.724784
-2979397.601582 4957727.063751 2679116.724784
-2979406.254444 4957721.863714 2679116.724784
-2979414.907296 4957716.663662 2679116.724784
-2979423.560139 4957711.463594 2679116.724784
-2979432.212974 4957706.263512 2679116.724784
-2979440.865799 4957701.063414 2679116.724784
-2979449.518615 4957695.863301 2679116.724784
-2979458.171422 4957690.663173 2679116.724784
-2979466.824220 4957685.463030 2679116.724784
-2979475.477009 4957680.262872 2679116.724784
-2979484.129789 4957675.062699 2679116.724784
-2979492.782560 4957669.862510 2679116.724784
-2979501.435321 4957664.662307 2679116.724784
-2979510.088074 4957659.462088 2679116.724784
-2979518.740818 4957654.261854 2679116.724784
-2979527.393552 4957649.061606 2679116.724784
-2979536.046277 4957643.861342 2679116.724784
-2979544.698994 4957638.661063 2679116.724784
-2979553.351701 4957633.460769 2679116.724784
-2979562.004399 4957628.260460 2679116.724784
-2979570.657088 4957623.060135 2679116.724784
-2979579.309768 4957617.859796 2679116.724784
-2979587.962439 4957612.659441 2679116.724784
-2979596.615101 4957607.459072 2679116.724784
-2979605.267754 4957602.258687 2679116.724784
-2979613.920398 4957597.058287 2679116.724784
-2979622.573032 4957591.857873 2679116.724784
-2979631.225658 4957586.657443 2679116.724784
-2979639.878274 4957581.456997 2679116.724784
-2979648.530882 4957576.256537 2679116.724784
-2979657.183480 4957571.056062 2679116.724784
-2979665.836069 4957565.855572 2679116.724784
-2979674.488649 4957560.655066 2679116.724784
-2979683.141220 4957555.454546 2679116.724784
-2979691.793782 4957550.254010 2679116.724784
-2979700.446335 4957545.053459 2679116.724784
-2979709.098879 4957539.852893 2679116.724784
-2979717.751414 4957534.652312 2679116.724784
-2979726.403940 4957529.451716 2679116.724784
-2979735.056456 4957524.251105 2679116.724784
-2979743.708964 4957519.050478 2679116.724784
-2979752.361462 4957513.849837 2679116.724784
-2979761.013952 4957508.649181 2679116.724784
-2979769.666432 4957503.448509 2679116.724784
-2979778.318903 4957498.247822 2679116.724784
-2979786.971365 4957493.047120 2679116.724784
-2979795.623819 4957487.846403 2679116.724784
-2979804.276263 4957482.645671 2679116.724784
-2979812.928698 4957477.444924 2679116.724784
-2979821.581123 4957472.244162 2679116.724784
-2979830.233540 4957467.043385 2679116.724784
-2979838.885948 4957461.842592 2679116.724784
-2979847.538347 4957456.641785 2679116.724784
-2979856.190736 4957451.440962 2679116.724784
-2979864.843117 4957446.240125 2679116.724784
-2979873.495488 4957441.039272 2679116.724784
-2979882.147850 4957435.838404 2679116.724784
-2979890.800204 4957430.637521 2679116.724784
-2979899.452548 4957425.436623 2679116.724784
-2979908.104883 4957420.235709 2679116.724784
-2979916.757209 4957415.034781 2679116.724784
-2979925.409526 4957409.833838 2679116.724784
-2979934.061834 4957404.632879 2679116.724784
-2979942.714132 4957399.431905 2679116.724784
-2979951.366422 4957394.230917 2679116.724784
-2979960.018703 4957389.029913 2679116.724784
-2979968.670974 4957383.828894 2679116.724784
-2979977.323237 4957378.627860 2679116.724784
-2979985.975490 4957373.426811 2679116.724784
-2979994.627734 4957368.225746 2679116.724784
-2980003.279970 4957363.024667 2679116.724784
-2980011.932196 4957357.823573 2679116.724784
-2980020.584413 4957352.622463 2679116.724784
-2980029.236621 4957347.421338 2679116.724784
-2980037.888820 4957342.220199 2679116.724784
-2980046.541010 4957337.019044 2679116.724784
-2980055.193190 4957331.817874 2679116.724784
-2980063.845362 4957326.616689 2679116.724784
-2980072.497525 4957321.415489 2679116.724784
-2980081.149678 4957316.214273 2679116.724784
-2980089.801823 4957311.013043 2679116.724784
-2980098.453958 4957305.811798 2679116.724784
-2980107.106084 4957300.610537 2679116.724784
-2980115.758202 4957295.409261 2679116.724784
-2980124.410310 4957290.207971 2679116.724784
-2980133.062409 4957285.006665 2679116.724784
-2980141.714499 4957279.805344 2679116.724784
-2980150.366580 4957274.604008 2679116.724784
-2980159.018652 4957269.402657 2679116.724784
-2980167.670714 4957264.201290 2679116.724784
-2980176.322768 4957258.999909 2679116.724784
-2980184.974813 4957253.798513 2679116.724784
-2980193.626848 4957248.597101 2679116.724784
-2980202.278875 4957243.395674 2679116.724784
-2980210.930892 4957238.194233 2679116.724784
-2980219.582900 4957232.992776 2679116.724784
-2980228.234900 4957227.791304 2679116.724784
-2980236.886890 4957222.589817 2679116.724784
-2980245.538871 4957217.388315 2679116.724784
-2980254.190843 4957212.186797 2679116.724784
-2980262.842806 4957206.985265 2679116.724784
-2980271.494759 4957201.783717 2679116.724784
-2980280.146704 4957196.582155 2679116.724784
-2980288.798640 4957191.380577 2679116.724784
-2980297.450566 4957186.178984 2679116.724784
-2980306.102484 4957180.977377 2679116.724784
-2980314.754392 4957175.775754 2679116.724784
-2980323.406292 4957170.574115 2679116.724784
-2980332.058182 4957165.372462 2679116.724784
-2980340.710063 4957160.170794 2679116.724784
-2980349.361935 4957154.969111 2679116.724784
-2980358.013798 4957149.767412 2679116.724784
-2980366.665652 4957144.565699 2679116.724784
-2980375.317497 4957139.363970 2679116.724784
-2980383.969333 4957134.162226 2679116.724784
-2980392.621160 4957128.960467 2679116.724784
-2980401.272977 4957123.758693 2679116.724784
-2980409.924786 4957118.556904 2679116.724784
-2980418.576585 4957113.355100 2679116.724784
-2980427.228376 4957108.153281 2679116.724784
-2980435.880157 4957102.951446 2679116.724784
-2980444.531929 4957097.749597 2679116.724784
-2980453.183693 4957092.547732 2679116.724784
-2980461.835447 4957087.345853 2679116.724784
-2980470.487192 4957082.143958 2679116.724784
-2980479.138928 4957076.942048 2679116.724784
-2980487.790654 4957071.740123 2679116.724784
-2980496.442372 4957066.538183 2679116.724784
-2980505.094081 4957061.336228 2679116.724784
-2980513.745780 4957056.134258 2679116.724784
-2980522.397471 4957050.932272 2679116.724784
-2980531.049152 4957045.730272 2679116.724784
-2980539.700825 4957040.528256 2679116.724784
-2980548.352488 4957035.326225 2679116.724784
-2980557.004142 4957030.124180 2679116.724784
-2980565.655787 4957024.922119 2679116.724784
-2980574.307424 4957019.720043 2679116.724784
-2980582.959051 4957014.517952 2679116.724784
